50
0 29 46 48
1 34 47 49
2 8 31 37
3 11 20 31 32 43
4 5 22 35 44
5 4 21 22 25 32
6 7 22 38
7 6 15
8 2 11 13
9 16 23 33
10 14 25 35 44
11 3 8 13 31
12 14 29
13 8 11 25 31 49
14 10 12 48
15 7 27
16 9 18 19 28
17 24 30
18 16 19 25 49
19 16 18 25 44
20 3 43
21 5 22 27 43
22 4 5 6 21 39
23 9 24 28 42
24 17 23 33 42 45
25 5 10 13 18 19
26 30 34
27 15 21 43
28 16 23 29 44 46
29 0 12 28
30 17 26 45
31 2 3 11 13 32
32 3 5 31 43
33 9 24
34 1 26 37 40 41
35 4 10 39
36 38 48
37 2 34 41 49
38 6 36 39 48
39 22 35 38
40 34 41
41 34 37 40
42 23 24 46
43 3 20 21 27 32
44 4 10 19 28
45 24 30 47 49
46 0 28 42
47 1 45
48 0 14 36 38
49 1 13 18 37 45